<?xml version="1.0" standalone="no"?>
<!DOCTYPE project SYSTEM "./project.dtd" [
  <!-- PUT INTERNAL DOCUMENT TYPE DEFINITION SUBSET HERE -->
]>
<project name="courtyard" kind="ProjectX" fold="courtyard.RiSCAN"><app_caption>RiSCAN PRO</app_caption>
	<app_version>200009900</app_version><calibrations name="CALIBRATIONS" kind="CALIBRATIONS" fold="CALIBRATIONS"><camcalibs name="CAMERA" kind="CAMCALIBS"><camcalib_opencv name="Calibration_VZ400_D700_14mm_release" kind="CamCalib_OpenCVX" states="default"><angle_extents><tan_max_horz>1.279662594224763</tan_max_horz><tan_max_vert>0.83518145903368192</tan_max_vert>
					<tan_min_horz>-1.2949467835609317</tan_min_horz>
					<tan_min_vert>-0.87448041183276442</tan_min_vert>
				</angle_extents>
				<camcalibundist_ref noderef="/courtyard/CALIBRATIONS/CAMERA/Calibration_VZ400_D700_14mm_release_undistorted"/>
				<cameramodel>Nikon D700</cameramodel><cameraserialnumber>2336131</cameraserialnumber><internal_opencv><cx>2141.2342270233098</cx><cy>1444.53522064252</cy>
					<fx>1711.2279066749901</fx>
					<fy>1715.5935388772602</fy>
					<k1>-0.14824446775128301</k1>
					<k2>0.48734935126247098</k2>
					<k3>-0.91779961311605299</k3>
					<k4>0.54423278334754797</k4>
					<p1>0.0011325861944141</p1>
					<p2>-1.98066247267E-005</p2>
				</internal_opencv>
				<intrinsic_opencv><dx>8.3999999999999987E-006</dx><dy>8.3999999999999987E-006</dy>
					<nx>4256</nx>
					<ny>2832</ny>
				</intrinsic_opencv>
				<lensmodel>Nikkor 14mm</lensmodel>
				<lensserialnumber>218385</lensserialnumber>
				<name>Calibration_VZ400_D700_14mm_release</name>
				<settings>Aperture ?, Exposure Time = ? sec, Flash ?</settings>
				<version>1</version>
			</camcalib_opencv>
			<camcalib_opencv name="Calibration_VZ400_D700_14mm_release_undistorted" kind="CamCalib_OpenCVX"><angle_extents><tan_max_horz>1.279662594224763</tan_max_horz><tan_max_vert>0.83518145903368192</tan_max_vert>
					<tan_min_horz>-1.2949467835609317</tan_min_horz>
					<tan_min_vert>-0.87448041183276442</tan_min_vert>
				</angle_extents>
				<cameramodel>Nikon D700</cameramodel><cameraserialnumber>2336131</cameraserialnumber><internal_opencv><cx>2140.422525134737</cx><cy>1449.3503150695174</cy>
					<fx>1652.6911787685286</fx>
					<fy>1657.0727577046029</fy>
					<k1>0</k1>
					<k2>0</k2>
					<k3>0</k3>
					<k4>0</k4>
					<p1>0</p1>
					<p2>0</p2>
				</internal_opencv>
				<intrinsic_opencv><dx>8.3999999999999987E-006</dx><dy>8.3999999999999987E-006</dy>
					<nx>4256</nx>
					<ny>2834</ny>
				</intrinsic_opencv>
				<lensmodel>Nikkor 14mm</lensmodel>
				<lensserialnumber>218385</lensserialnumber>
				<name>Calibration_VZ400_D700_14mm_release_undistorted</name>
				<settings>Aperture ?, Exposure Time = ? sec, Flash ?</settings>
				<version>1</version>
			</camcalib_opencv>
			<camcalib_opencv name="CamCalib_OpenCV01" kind="CamCalib_OpenCVX"><angle_extents><tan_max_horz>0.8105633042313664</tan_max_horz><tan_max_vert>0.69279197226802829</tan_max_vert>
					<tan_min_horz>-0.84032363679734118</tan_min_horz>
					<tan_min_vert>-0.69027340620545613</tan_min_vert>
				</angle_extents>
				<cameramodel>vmx1</cameramodel><cameraserialnumber></cameraserialnumber><internal_opencv><cx>1230.2854784674533</cx><cy>1010.6562345655933</cy>
					<fx>1464.0614932079533</fx>
					<fy>1464.1390287963328</fy>
					<k1>0</k1>
					<k2>0</k2>
					<k3>0</k3>
					<k4>0</k4>
					<p1>0</p1>
					<p2>0</p2>
				</internal_opencv>
				<intrinsic_opencv><dx>3.45E-006</dx><dy>3.45E-006</dy>
					<nx>2418</nx>
					<ny>2026</ny>
				</intrinsic_opencv>
				<lensmodel></lensmodel>
				<lensserialnumber></lensserialnumber>
				<name>CamCalib_OpenCV01</name>
				<settings></settings>
				<version>1</version>
			</camcalib_opencv><camcalib_opencv name="CamCalib_OpenCV02" kind="CamCalib_OpenCVX"><angle_extents><tan_max_horz>0.80608022019444531</tan_max_horz><tan_max_vert>0.68708082217120653</tan_max_vert>
					<tan_min_horz>-0.84723752672276966</tan_min_horz>
					<tan_min_vert>-0.69264087700817459</tan_min_vert>
				</angle_extents>
				<cameramodel>vmx2</cameramodel><cameraserialnumber></cameraserialnumber><internal_opencv><cx>1241.6587985443438</cx><cy>1017.082225823656</cy>
					<fx>1465.5380095676941</fx>
					<fy>1468.4120726701674</fy>
					<k1>0</k1>
					<k2>0</k2>
					<k3>0</k3>
					<k4>0</k4>
					<p1>0</p1>
					<p2>0</p2>
				</internal_opencv>
				<intrinsic_opencv><dx>3.45E-006</dx><dy>3.45E-006</dy>
					<nx>2424</nx>
					<ny>2027</ny>
				</intrinsic_opencv>
				<lensmodel></lensmodel>
				<lensserialnumber></lensserialnumber>
				<name>CamCalib_OpenCV02</name>
				<settings></settings>
				<version>1</version>
			</camcalib_opencv>
			<camcalib_opencv name="CamCalib_OpenCV03" kind="CamCalib_OpenCVX"><angle_extents><tan_max_horz>0.80561472037759616</tan_max_horz><tan_max_vert>0.68647157686806886</tan_max_vert>
					<tan_min_horz>-0.84560026029400384</tan_min_horz>
					<tan_min_vert>-0.68930497156573517</tan_min_vert>
				</angle_extents>
				<cameramodel>vmx3</cameramodel><cameraserialnumber></cameraserialnumber><internal_opencv><cx>1238.2769374822862</cx><cy>1012.0800824435483</cy>
					<fx>1464.3762491886579</fx>
					<fy>1468.261689952184</fy>
					<k1>0</k1>
					<k2>0</k2>
					<k3>0</k3>
					<k4>0</k4>
					<p1>0</p1>
					<p2>0</p2>
				</internal_opencv>
				<intrinsic_opencv><dx>3.45E-006</dx><dy>3.45E-006</dy>
					<nx>2419</nx>
					<ny>2021</ny>
				</intrinsic_opencv>
				<lensmodel></lensmodel>
				<lensserialnumber></lensserialnumber>
				<name>CamCalib_OpenCV03</name>
				<settings></settings>
				<version>1</version>
			</camcalib_opencv>
			<camcalib_opencv name="CamCalib_OpenCV04" kind="CamCalib_OpenCVX"><angle_extents><tan_max_horz>0.79963299609888602</tan_max_horz><tan_max_vert>0.69179970355204749</tan_max_vert>
					<tan_min_horz>-0.839199714946592</tan_min_horz>
					<tan_min_vert>-0.67308753461180557</tan_min_vert>
				</angle_extents>
				<cameramodel>vmx4</cameramodel><cameraserialnumber></cameraserialnumber><internal_opencv><cx>1237.6770962375706</cx><cy>995.66007680562227</cy>
					<fx>1474.8302152561363</fx>
					<fy>1479.2430785096266</fy>
					<k1>0</k1>
					<k2>0</k2>
					<k3>0</k3>
					<k4>0</k4>
					<p1>0</p1>
					<p2>0</p2>
				</internal_opencv>
				<intrinsic_opencv><dx>3.45E-006</dx><dy>3.45E-006</dy>
					<nx>2418</nx>
					<ny>2020</ny>
				</intrinsic_opencv>
				<lensmodel></lensmodel>
				<lensserialnumber></lensserialnumber>
				<name>CamCalib_OpenCV04</name>
				<settings></settings>
				<version>1</version>
			</camcalib_opencv>
		</camcalibs>
		<mountcalibs name="MOUNTING" kind="MOUNTCALIBS"><mountcalib name="Mounting_VZ400_D700_14mm_release" kind="MountCalibX" states="default"><adjusted>0</adjusted>
				<matrix rows="4" cols="4"> -0.157538292 0.000217059 0.987512855 -0.177084174   -0.023258579 -0.999723388 -0.003490707 0.00799067   0.98723894 -0.023518066 0.157499764 -0.04564975   0 0 0 1   </matrix>
				<name>Mounting_VZ400_D700_14mm_release</name>
			</mountcalib>
			<mountcalib name="MountCalib01" kind="MountCalibX"><adjusted>0</adjusted><matrix rows="4" cols="4"> -0.136843289 0.956709276 0.256868206 0.428912533   0.426497178 0.290944959 -0.856417648 -0.342090852   -0.894077218 -0.007641443 -0.447847672 -0.041684354   0 0 0 1   </matrix>
				<name>MountCalib01</name>
			</mountcalib><mountcalib name="MountCalib02" kind="MountCalibX"><adjusted>0</adjusted><matrix rows="4" cols="4"> 0.432331991 -0.003129831 -0.901709074 -0.096407724   0.901706212 0.005789629 0.432310523 0.348182101   0.003867502 -0.999978342 0.00532523 0.137755941   0 0 0 1   </matrix>
				<name>MountCalib02</name>
			</mountcalib>
			<mountcalib name="MountCalib03" kind="MountCalibX"><adjusted>0</adjusted><matrix rows="4" cols="4"> 0.45220468 0.039439558 -0.891041777 -0.013926987   -0.89168583 -0.0026145550000000006 -0.452647263 -0.430279714   -0.020181886 0.999218537 0.033985381 0.145731334   0 0 0 1   </matrix>
				<name>MountCalib03</name>
			</mountcalib>
			<mountcalib name="MountCalib04" kind="MountCalibX"><adjusted>0</adjusted><matrix rows="4" cols="4"> -0.15532289 -0.941190173 0.300059759 0.429014689   -0.442966212 0.337854433 0.830442844 0.24739982   -0.882981164 -0.003929552 -0.469391972 -0.032072368   0 0 0 1   </matrix>
				<name>MountCalib04</name>
			</mountcalib>
		</mountcalibs>
		<reflcalibs name="REFLECTOR" kind="REFLCALIBS"><reflcalib name="RIEGL Flat 5cm" kind="ReflCalibX"><name>RIEGL Flat 5cm</name><refl_color>16777215</refl_color>
        <refl_const>0</refl_const><refl_type>Disc</refl_type><v_disc_diameter>0.050000000745058061</v_disc_diameter><v_disc_width>0</v_disc_width>
      </reflcalib>
			<reflcalib name="RIEGL Cylinder 5cm" kind="ReflCalibX"><name>RIEGL Cylinder 5cm</name><refl_color>16777215</refl_color>
        <refl_const>0.02500000037252903</refl_const><refl_type>Cylinder</refl_type><v_cylinder_diameter>0.050000000745058061</v_cylinder_diameter><v_cylinder_height>0.050000000745058061</v_cylinder_height>
      </reflcalib>
		</reflcalibs>
		<tiltmounts name="TILTMOUNTS" kind="TILTMOUNTS"/>
	</calibrations>
	<camera>Nikon D700</camera><cameraserport>COM1</cameraserport>
	<collections name="COLLECTIONS" kind="COLLECTIONS"><animations name="ANIMATIONS" kind="ANIMATIONS"/><overlays name="OVERLAYS" kind="OVERLAYS"><overlay name="Logo" kind="OverlayX" states="default"><name>Logo</name>
				<overlayitem name="" kind="OverlayItemX"><alpha>65</alpha>
					<horz_align>0</horz_align><horz_pos>0</horz_pos>
					<horz_pos_relation>0</horz_pos_relation>
					<source_ref noderef="/courtyard/OBJECTS/IMAGES/Logo"/><tex_filter_mode>1</tex_filter_mode>
					<transparent>1</transparent>
					<vert_align>0</vert_align><vert_pos>0</vert_pos>
					<vert_pos_relation>0</vert_pos_relation>
					<visible>1</visible>
				</overlayitem>
			</overlay>
		</overlays>
		<scanconfs name="CONFIGS" kind="SCANCONFS"/>
		<values name="VALUES" kind="VALUES"/>
		<viewports name="VIEWPORTS" kind="VIEWPORTS"/>
	</collections>
	<commandport>//S9996063:20002</commandport><dataport>//S9996063:20001</dataport><date_created>2011-04-28 11:01:40+096</date_created>
	<date_modified>2014-06-16 11:02:51+995</date_modified>
	<doc_version>11810</doc_version>
	<geometry_objects name="OBJECTS" kind="GEOMETRYOBJECTS" fold="OBJECTS"><cylinder_objects name="CYLINDERS" kind="CYLINDEROBJECTS"/><images name="IMAGES" kind="PROJECTIMAGES" fold="IMAGES"><image name="Logo" kind="ProjectImageX"><cop name="COP" kind="COP"><freeze>0</freeze>
					<matrix rows="4" cols="4"> 1 0 0 0   0 1 0 0   0 0 1 0   0 0 0 1   </matrix>
				</cop>
				<file>Logo.tif</file>
				<name>Logo</name>
				<text></text>
				<tpl_image name="TPL (IMAGE)" kind="TPL_IMAGE"><active>1</active>
				</tpl_image>
			</image>
		</images>
		<orthophotos name="ORTHOPHOTOS" kind="ORTHOPHOTOS" fold="ORTHOPHOTOS"/>
		<plane_objects name="PLANES" kind="PLANEOBJECTS"/>
		<point_objects name="POINTS" kind="POINTOBJECTS"/><pointclouds name="POINTCLOUDS" kind="POINTCLOUDS" fold="POINTCLOUDS"/>
		<polydata_objects name="POLYDATA" kind="POLYDATAOBJECTS" fold="POLYDATA"/>
		<polyline_objects name="POLYLINES" kind="POLYLINEOBJECTS"/>
		<section_objects name="SECTIONS" kind="SECTIONOBJECTS" fold="SECTIONS"/>
		<sphere_objects name="SPHERES" kind="SPHEREOBJECTS"/>
		<undistimages name="UNDISTORTED IMAGES" kind="PROJECTUNDISTIMAGES" fold="UNDISTIMAGES"/>
	</geometry_objects>
	<gps_port>\\.\COM1:115200</gps_port>
	<gps_useinitscript>0</gps_useinitscript>
	<gps_usequitscript>0</gps_usequitscript><gsm_database_file>C:\Program Files (x86)\Riegl_LMS\GeoSys\GeoSysManager_File_SP.gsfx</gsm_database_file><gsm_export_crs></gsm_export_crs><gsm_export_dtr></gsm_export_dtr>
  <gsm_import_crs></gsm_import_crs><gsm_import_dtr></gsm_import_dtr>
  <gsm_project_crs></gsm_project_crs><gsm_scanner_crs></gsm_scanner_crs><gsm_scanner_dtr></gsm_scanner_dtr>
  <instrument_phi_offset>0</instrument_phi_offset>
	<instrument_range_offset>0</instrument_range_offset>
	<instrument_theta_offset>0</instrument_theta_offset>
	<mta_autocalc_enabled>0</mta_autocalc_enabled><mta_estmax_scanrange>0</mta_estmax_scanrange>
	<mta_manual_fixed_zone>1</mta_manual_fixed_zone><mta_manual_range_max>3000</mta_manual_range_max>
	<mta_manual_range_min>0</mta_manual_range_min>
	<name>courtyard</name><overview_max_x>-39.507574081422099</overview_max_x><overview_max_y>282.33062744141187</overview_max_y>
	<overview_min_x>-87.82697105407904</overview_min_x><overview_min_y>234.01123046875434</overview_min_y>
	<pop name="POP" kind="POP"><freeze>0</freeze>
		<matrix rows="4" cols="4"> 1 0 0 -128300   0 1 0 330400   0 0 1 100   0 0 0 1   </matrix>
	</pop>
	<ppm_air_pressure>1000</ppm_air_pressure><ppm_air_temperature>12</ppm_air_temperature>
	<ppm_moisture_pressure>8.399999999999968</ppm_moisture_pressure>
	<ppm_total_geometric_correction>0</ppm_total_geometric_correction>
	<project_latitude>0.84927430513835072</project_latitude><project_longitude>0.27337964738613078</project_longitude>
	<scanpositions name="SCANS" kind="SCANS" fold="SCANS">
		<scanposition name="ScanPos006_courtyard" kind="PositionX" fold="ScanPos006_courtyard"><name>ScanPos006_courtyard</name><polydata_objects name="POLYDATA" kind="POLYDATAOBJECTS" fold="POLYDATA"/>
			<position_accuracy>3.3719570095834675</position_accuracy><position_coordsys>2</position_coordsys>
			<position_enabled>1</position_enabled>
			<position_vector length="3"> 4129217.0080436051 1076328.9191352974 4725137.4711210765 </position_vector>
			<ppm_air_pressure>1000</ppm_air_pressure><ppm_air_temperature>12</ppm_air_temperature><ppm_instrument>VZ-400</ppm_instrument>
			<ppm_moisture_pressure>8.399999999998807</ppm_moisture_pressure>
			<ppm_total_geometric_correction>0</ppm_total_geometric_correction>
			<profilescans name="PROFILESCANS" kind="PROFILESCANS" fold="PROFILESCANS"/>
			<registered>1</registered><scanposimages name="SCANPOSIMAGES" kind="SCANPOSIMAGES" fold="SCANPOSIMAGES"><scanposimage name="110428_122416_Image101" kind="ScanPosImageX"><camcalib_ref noderef="/courtyard/CALIBRATIONS/CAMERA/Calibration_VZ400_D700_14mm_release"/><cop name="COP" kind="COP"><freeze>0</freeze>
						<matrix rows="4" cols="4"> 0.861703897 -0.507411465 0 0   0.507411465 0.861703897 0 0   0 0 1 0.7   0 0 0 1   </matrix>
					</cop>
					<file>110428_122416_Image101.jpg</file><mountcalib_ref noderef="/courtyard/CALIBRATIONS/MOUNTING/Mounting_VZ400_D700_14mm_release"/>
					<name>110428_122416_Image101</name><phi>30.491562</phi>
					<raw_lambda>0</raw_lambda><raw_phi>0</raw_phi>
					<text></text>
					<theta>90</theta>
					<tpl_image name="TPL (IMAGE)" kind="TPL_IMAGE"><active>1</active>
					</tpl_image>
				</scanposimage>
				<scanposimage name="110428_122416_Image102" kind="ScanPosImageX"><camcalib_ref noderef="/courtyard/CALIBRATIONS/CAMERA/Calibration_VZ400_D700_14mm_release"/><cop name="COP" kind="COP"><freeze>0</freeze>
						<matrix rows="4" cols="4"> -0.0085792701296132122 -0.99996319738480538 5.2554397717696518E-019 0   0.99996319738480538 -0.0085792701296132122 -6.1255168312073882E-017 0   6.1257422745431002E-017 9.6296497219361792E-035 1 0   0 0 0 1   </matrix>
					</cop>
					<file>110428_122416_Image102.jpg</file><mountcalib_ref noderef="/courtyard/CALIBRATIONS/MOUNTING/Mounting_VZ400_D700_14mm_release"/>
					<name>110428_122416_Image102</name><phi>90.491562</phi>
					<raw_lambda>0</raw_lambda><raw_phi>0</raw_phi>
					<text></text>
					<theta>90</theta>
					<tpl_image name="TPL (IMAGE)" kind="TPL_IMAGE"><active>1</active>
					</tpl_image>
				</scanposimage>
				<scanposimage name="110428_122416_Image103" kind="ScanPosImageX"><camcalib_ref noderef="/courtyard/CALIBRATIONS/CAMERA/Calibration_VZ400_D700_14mm_release"/><cop name="COP" kind="COP"><freeze>0</freeze>
						<matrix rows="4" cols="4"> -0.8702831668495607 -0.4925517328142288 5.3311303859936019E-017 0   0.4925517328142288 -0.8702831668495607 -3.0172449720995789E-017 0   6.1257422745431002E-017 -3.0814879110195776E-033 1 0   0 0 0 1   </matrix>
					</cop>
					<file>110428_122416_Image103.jpg</file><mountcalib_ref noderef="/courtyard/CALIBRATIONS/MOUNTING/Mounting_VZ400_D700_14mm_release"/>
					<name>110428_122416_Image103</name><phi>150.491562</phi>
					<raw_lambda>0</raw_lambda><raw_phi>0</raw_phi>
					<text></text>
					<theta>90</theta>
					<tpl_image name="TPL (IMAGE)" kind="TPL_IMAGE"><active>1</active>
					</tpl_image>
				</scanposimage>
				<scanposimage name="110428_122416_Image104" kind="ScanPosImageX"><camcalib_ref noderef="/courtyard/CALIBRATIONS/CAMERA/Calibration_VZ400_D700_14mm_release"/><cop name="COP" kind="COP"><freeze>0</freeze>
						<matrix rows="4" cols="4"> -0.8617038967199479 0.50741146457057626 5.2785759882759072E-017 0   -0.50741146457057626 -0.8617038967199479 3.1082718591078086E-017 0   6.1257422745431002E-017 -3.0814879110195776E-033 1 0   0 0 0 1   </matrix>
					</cop>
					<file>110428_122416_Image104.jpg</file><mountcalib_ref noderef="/courtyard/CALIBRATIONS/MOUNTING/Mounting_VZ400_D700_14mm_release"/>
					<name>110428_122416_Image104</name><phi>210.491562</phi>
					<raw_lambda>0</raw_lambda><raw_phi>0</raw_phi>
					<text></text>
					<theta>90</theta>
					<tpl_image name="TPL (IMAGE)" kind="TPL_IMAGE"><active>1</active>
					</tpl_image>
				</scanposimage>
				<scanposimage name="110428_122416_Image105" kind="ScanPosImageX"><camcalib_ref noderef="/courtyard/CALIBRATIONS/CAMERA/Calibration_VZ400_D700_14mm_release"/><cop name="COP" kind="COP"><freeze>0</freeze>
						<matrix rows="4" cols="4"> 0.0085795319193660621 0.9999631951387232 -5.2556001374252602E-019 0   -0.9999631951387232 0.0085795319193660621 6.1255168174484698E-017 0   6.1257422745431002E-017 0 1 0   0 0 0 1   </matrix>
					</cop>
					<file>110428_122416_Image105.jpg</file><mountcalib_ref noderef="/courtyard/CALIBRATIONS/MOUNTING/Mounting_VZ400_D700_14mm_release"/>
					<name>110428_122416_Image105</name><phi>270.491577</phi>
					<raw_lambda>0</raw_lambda><raw_phi>0</raw_phi>
					<text></text>
					<theta>90</theta>
					<tpl_image name="TPL (IMAGE)" kind="TPL_IMAGE"><active>1</active>
					</tpl_image>
				</scanposimage>
				<scanposimage name="110428_122416_Image106" kind="ScanPosImageX"><camcalib_ref noderef="/courtyard/CALIBRATIONS/CAMERA/Calibration_VZ400_D700_14mm_release"/><cop name="COP" kind="COP"><freeze>0</freeze>
						<matrix rows="4" cols="4"> 0.8702832957992736 0.49255150497461082 -5.3311311759063091E-017 0   -0.49255150497461082 0.8702832957992736 3.0172435764127994E-017 0   6.1257422745431002E-017 -3.0814879110195776E-033 1 0   0 0 0 1   </matrix>
					</cop>
					<file>110428_122416_Image106.jpg</file><mountcalib_ref noderef="/courtyard/CALIBRATIONS/MOUNTING/Mounting_VZ400_D700_14mm_release"/>
					<name>110428_122416_Image106</name><phi>330.491577</phi>
					<raw_lambda>0</raw_lambda><raw_phi>0</raw_phi>
					<text></text>
					<theta>90</theta>
					<tpl_image name="TPL (IMAGE)" kind="TPL_IMAGE"><active>1</active>
					</tpl_image>
				</scanposimage>
			</scanposimages><scanposundistimages name="UNDISTORTED IMAGES" kind="SCANPOSUNDISTIMAGES" fold="SCANPOSUNDISTIMAGES"/>
			<scansequences name="SCANSEQUENCES" kind="SCANSEQUENCES" fold="SCANSEQUENCES"/>
			<singlescans name="SINGLESCANS" kind="SINGLESCANS" fold="SINGLESCANS"><scan name="110428_123115" kind="ScanAcquiredX"><beamfocus>0</beamfocus>
					<blurlimit>1</blurlimit>
					<commandport></commandport><dataport></dataport>
					<file>110428_123115.rxp</file><frame_count>1</frame_count>
					<geometryinfo><intmax>0.10399023443460464</intmax>
						<intmin>0.014053558930754662</intmin>
						<maxcart length="3"> 354.27233886718752 364.44378662109376 24.326955795288086 </maxcart><maxpolar length="3"> 29.120794296264646 2.2703242301940918 6.2842321395874022 </maxpolar>
						<mincart length="3"> -43.342769622802733 -348.22891235351565 -47.959011077880858 </mincart>
						<minpolar length="3"> 1.4092597961425781 0.52359879016876218 0 </minpolar><reflmax>30.860000610351565</reflmax>
						<reflmin>-39.610000610351565</reflmin>
						<valid_cart>1</valid_cart>
						<valid_int>1</valid_int>
						<valid_refl>1</valid_refl>
					</geometryinfo>
					<instrument>VZ-400</instrument><laser_clock>0</laser_clock>
					<laserattenuated>0</laserattenuated>
					<measurementprogram>HIGH SPEED</measurementprogram>
					<measurementprogramid>1</measurementprogramid>
					<motion>0</motion>
					<mta_autocalc_enabled>-1</mta_autocalc_enabled><mta_estmax_scanrange>-1</mta_estmax_scanrange>
					<mta_manual_fixed_zone>-1</mta_manual_fixed_zone><mta_manual_range_max>3000</mta_manual_range_max>
					<mta_manual_range_min>0</mta_manual_range_min>
					<name>110428_123115</name><numtargets>0</numtargets><phi_count>6001</phi_count>
					<phi_delta>0.059999998658895488</phi_delta>
					<phi_start>0</phi_start>
					<serialnumber>S9996063</serialnumber>
					<settings></settings>
					<text></text><theta_count>1668</theta_count>
					<theta_delta>0.059999998658895488</theta_delta>
					<theta_start>30</theta_start><time>1' 23"</time>
					<type>1</type>
					<wideninglensactivated>0</wideninglensactivated>
				</scan>
			</singlescans>
			<sop name="SOP" kind="SOP"><freeze>0</freeze>
				<matrix rows="4" cols="4"> -0.21797764120008666 -0.97570382169807206 0.022086200683313258 -65.183365036293517   0.97535795572394803 -0.21857941874750848 -0.029998265049874195 254.01123635077312   0.034097010761173293 0.015003000492518701 0.99930591103694246 27.543414094158448   0 0 0 1   </matrix>
			</sop>
			<text></text><tiepointscans name="TIEPOINTSCANS" kind="TIEPOINTSCANS" fold="TIEPOINTSCANS"><scan name="TP_003" kind="ScanAcquiredX"><beamfocus>0</beamfocus>
					<blurlimit>1</blurlimit>
					<commandport></commandport><dataport></dataport>
					<file>TP_003.rxp</file><frame_count>1</frame_count>
					<instrument>VZ-400</instrument><laser_clock>0</laser_clock>
					<laserattenuated>0</laserattenuated>
					<measurementprogram>REFLECTOR_HS</measurementprogram>
					<measurementprogramid>4294967295</measurementprogramid>
					<motion>0</motion>
					<mta_autocalc_enabled>-1</mta_autocalc_enabled><mta_estmax_scanrange>-1</mta_estmax_scanrange>
					<mta_manual_fixed_zone>-1</mta_manual_fixed_zone><mta_manual_range_max>3000</mta_manual_range_max>
					<mta_manual_range_min>0</mta_manual_range_min>
					<name>TP_003</name><numtargets>0</numtargets><phi_count>151</phi_count>
					<phi_delta>0.004222</phi_delta>
					<phi_start>38.518</phi_start>
					<serialnumber>S9996063</serialnumber>
					<settings></settings>
					<text></text><theta_count>1017</theta_count>
					<theta_delta>0.000625</theta_delta>
					<theta_start>91.76</theta_start><time>0' 02"</time>
					<type>1</type>
					<wideninglensactivated>0</wideninglensactivated>
				</scan>
				<scan name="TP_005" kind="ScanAcquiredX"><beamfocus>0</beamfocus>
					<blurlimit>1</blurlimit>
					<commandport></commandport><dataport></dataport>
					<file>TP_005.rxp</file><frame_count>1</frame_count>
					<instrument>VZ-400</instrument><laser_clock>0</laser_clock>
					<laserattenuated>0</laserattenuated>
					<measurementprogram>REFLECTOR_HS</measurementprogram>
					<measurementprogramid>4294967295</measurementprogramid>
					<motion>0</motion>
					<mta_autocalc_enabled>-1</mta_autocalc_enabled><mta_estmax_scanrange>-1</mta_estmax_scanrange>
					<mta_manual_fixed_zone>-1</mta_manual_fixed_zone><mta_manual_range_max>3000</mta_manual_range_max>
					<mta_manual_range_min>0</mta_manual_range_min>
					<name>TP_005</name><numtargets>0</numtargets><phi_count>158</phi_count>
					<phi_delta>0.006059</phi_delta>
					<phi_start>77.137</phi_start>
					<serialnumber>S9996063</serialnumber>
					<settings></settings>
					<text></text><theta_count>1523</theta_count>
					<theta_delta>0.000625</theta_delta>
					<theta_start>86.521</theta_start><time>0' 02"</time>
					<type>1</type>
					<wideninglensactivated>0</wideninglensactivated>
				</scan>
				<scan name="TP_006" kind="ScanAcquiredX"><beamfocus>0</beamfocus>
					<blurlimit>1</blurlimit>
					<commandport></commandport><dataport></dataport>
					<file>TP_006.rxp</file><frame_count>1</frame_count>
					<instrument>VZ-400</instrument><laser_clock>0</laser_clock>
					<laserattenuated>0</laserattenuated>
					<measurementprogram>REFLECTOR_HS</measurementprogram>
					<measurementprogramid>4294967295</measurementprogramid>
					<motion>0</motion>
					<mta_autocalc_enabled>-1</mta_autocalc_enabled><mta_estmax_scanrange>-1</mta_estmax_scanrange>
					<mta_manual_fixed_zone>-1</mta_manual_fixed_zone><mta_manual_range_max>3000</mta_manual_range_max>
					<mta_manual_range_min>0</mta_manual_range_min>
					<name>TP_006</name><numtargets>0</numtargets><phi_count>158</phi_count>
					<phi_delta>0.006048</phi_delta>
					<phi_start>202.018</phi_start>
					<serialnumber>S9996063</serialnumber>
					<settings></settings>
					<text></text><theta_count>1519</theta_count>
					<theta_delta>0.000625</theta_delta>
					<theta_start>87.587</theta_start><time>0' 02"</time>
					<type>1</type>
					<wideninglensactivated>0</wideninglensactivated>
				</scan>
				<scan name="TP_004" kind="ScanAcquiredX"><beamfocus>0</beamfocus>
					<blurlimit>1</blurlimit>
					<commandport></commandport><dataport></dataport>
					<file>TP_004.rxp</file><frame_count>1</frame_count>
					<instrument>VZ-400</instrument><laser_clock>0</laser_clock>
					<laserattenuated>0</laserattenuated>
					<measurementprogram>REFLECTOR_HS</measurementprogram>
					<measurementprogramid>4294967295</measurementprogramid>
					<motion>0</motion>
					<mta_autocalc_enabled>-1</mta_autocalc_enabled><mta_estmax_scanrange>-1</mta_estmax_scanrange>
					<mta_manual_fixed_zone>-1</mta_manual_fixed_zone><mta_manual_range_max>3000</mta_manual_range_max>
					<mta_manual_range_min>0</mta_manual_range_min>
					<name>TP_004</name><numtargets>0</numtargets><phi_count>154</phi_count>
					<phi_delta>0.0046889999999999994</phi_delta>
					<phi_start>262.54700000000003</phi_start>
					<serialnumber>S9996063</serialnumber>
					<settings></settings>
					<text></text><theta_count>1148</theta_count>
					<theta_delta>0.000625</theta_delta>
					<theta_start>85.871</theta_start><time>0' 02"</time>
					<type>1</type>
					<wideninglensactivated>0</wideninglensactivated>
				</scan>
				<scan name="TP_001" kind="ScanAcquiredX"><beamfocus>0</beamfocus>
					<blurlimit>1</blurlimit>
					<commandport></commandport><dataport></dataport>
					<file>TP_001.rxp</file><frame_count>1</frame_count>
					<instrument>VZ-400</instrument><laser_clock>0</laser_clock>
					<laserattenuated>0</laserattenuated>
					<measurementprogram>REFLECTOR_HS</measurementprogram>
					<measurementprogramid>4294967295</measurementprogramid>
					<motion>0</motion>
					<mta_autocalc_enabled>-1</mta_autocalc_enabled><mta_estmax_scanrange>-1</mta_estmax_scanrange>
					<mta_manual_fixed_zone>-1</mta_manual_fixed_zone><mta_manual_range_max>3000</mta_manual_range_max>
					<mta_manual_range_min>0</mta_manual_range_min>
					<name>TP_001</name><numtargets>0</numtargets><phi_count>146</phi_count>
					<phi_delta>0.003517</phi_delta>
					<phi_start>318.077</phi_start>
					<serialnumber>S9996063</serialnumber>
					<settings></settings>
					<text></text><theta_count>814</theta_count>
					<theta_delta>0.000625</theta_delta>
					<theta_start>93.045</theta_start><time>0' 02"</time>
					<type>1</type>
					<wideninglensactivated>0</wideninglensactivated>
				</scan>
			</tiepointscans>
			<tiltmount_position>-1</tiltmount_position><tol_socs name="TOL (SOCS)" kind="TOL_SOCS" fold="TIEOBJECTS"><active>1</active>
			</tol_socs>
			<tpl_socs name="TPL (SOCS)" kind="TPL_SOCS"><active>0</active>
				<tp_socs name="TP_001" kind="TP_SOCSX"><accuracy length="3"> 0.0050500826910138131 0.001828345819376409 0.001828345819376409 </accuracy>
					<active>1</active><direction length="3"> -0.74586807441418445 0.66356589578821658 0.057975145678626624 </direction><finescan_ref noderef="/courtyard/SCANS/ScanPos006_courtyard/TIEPOINTSCANS/TP_001"/>
					<intensity>0.068565018475055693</intensity>
					<linked_ref noderef="/courtyard/TPL (PRCS)/53"/>
					<name>TP_001</name><pixels>9967</pixels><refl_ref noderef="/courtyard/CALIBRATIONS/REFLECTOR/RIEGL Flat 5cm"/>
					<reflectivity>29.794258117675782</reflectivity>
					<refltype>0.04770473763346672</refltype>
					<vector length="3"> 9.7443283977871091 -8.6690989676518131 -0.75741124153137293 </vector>
					<view>1</view>
				</tp_socs><tp_socs name="TP_003" kind="TP_SOCSX"><accuracy length="3"> 0.0050526345148682592 0.0018236497417092323 0.0018236497417092323 </accuracy>
					<active>1</active><direction length="3"> -0.77802427086411904 -0.6271548354158601 0.036810954359555322 </direction><finescan_ref noderef="/courtyard/SCANS/ScanPos006_courtyard/TIEPOINTSCANS/TP_003"/>
					<intensity>0.069779261946678157</intensity>
					<linked_ref noderef="/courtyard/TPL (PRCS)/52"/>
					<name>TP_003</name><pixels>9024</pixels><refl_ref noderef="/courtyard/CALIBRATIONS/REFLECTOR/RIEGL Flat 5cm"/>
					<reflectivity>28.631227493286134</reflectivity>
					<refltype>0.03839937224984169</refltype>
					<vector length="3"> 8.0907247678105549 6.5218241029558758 -0.38279950618744 </vector>
					<view>1</view>
				</tp_socs>
				<tp_socs name="TP_004" kind="TP_SOCSX"><accuracy length="3"> 0.0050415527075529101 0.001844982267357409 0.001844982267357409 </accuracy>
					<active>1</active><direction length="3"> 0.12305595141608717 0.99024874834430003 -0.065304281816956902 </direction><finescan_ref noderef="/courtyard/SCANS/ScanPos006_courtyard/TIEPOINTSCANS/TP_004"/>
					<intensity>0.065472096204757696</intensity>
					<linked_ref noderef="/courtyard/TPL (PRCS)/54"/>
					<name>TP_004</name><pixels>14479</pixels><refl_ref noderef="/courtyard/CALIBRATIONS/REFLECTOR/RIEGL Flat 5cm"/>
					<reflectivity>24.682739257812499</reflectivity>
					<refltype>0.04589841142296791</refltype>
					<vector length="3"> -1.1317508728075088 -9.1073608483522419 0.60060632228851405 </vector>
					<view>1</view>
				</tp_socs>
				<tp_socs name="TP_005" kind="TP_SOCSX"><accuracy length="3"> 0.0050329375080764294 0.0018636301392689347 0.0018636301392689347 </accuracy>
					<active>1</active><direction length="3"> -0.2140889543096585 -0.97545941557108314 -0.05142808781509993 </direction><finescan_ref noderef="/courtyard/SCANS/ScanPos006_courtyard/TIEPOINTSCANS/TP_005"/>
					<intensity>0.067676559090614323</intensity>
					<linked_ref noderef="/courtyard/TPL (PRCS)/51"/>
					<name>TP_005</name><pixels>23044</pixels><refl_ref noderef="/courtyard/CALIBRATIONS/REFLECTOR/RIEGL Flat 5cm"/>
					<reflectivity>24.561832427978515</reflectivity>
					<refltype>0.04284980520606041</refltype>
					<vector length="3"> 1.4796133357966128 6.7416023876951898 0.35543018579483066 </vector>
					<view>1</view>
				</tp_socs>
			</tpl_socs>
		</scanposition>
		<scanposition name="ScanPos007_courtyard" kind="PositionX" fold="ScanPos007_courtyard"><name>ScanPos007_courtyard</name><polydata_objects name="POLYDATA" kind="POLYDATAOBJECTS" fold="POLYDATA"/>
			<position_accuracy>2.480738380086415</position_accuracy><position_coordsys>2</position_coordsys>
			<position_enabled>1</position_enabled>
			<position_vector length="3"> 4129210.9180952845 1076333.5658840621 4725132.2082791578 </position_vector>
			<ppm_air_pressure>1000</ppm_air_pressure><ppm_air_temperature>12</ppm_air_temperature><ppm_instrument>VZ-400</ppm_instrument>
			<ppm_moisture_pressure>8.3999999999987763</ppm_moisture_pressure>
			<ppm_total_geometric_correction>0</ppm_total_geometric_correction>
			<profilescans name="PROFILESCANS" kind="PROFILESCANS" fold="PROFILESCANS"/>
			<registered>1</registered><scanposimages name="SCANPOSIMAGES" kind="SCANPOSIMAGES" fold="SCANPOSIMAGES"><scanposimage name="110428_124237_Image001" kind="ScanPosImageX"><camcalib_ref noderef="/courtyard/CALIBRATIONS/CAMERA/Calibration_VZ400_D700_14mm_release"/><cop name="COP" kind="COP"><freeze>0</freeze>
						<matrix rows="4" cols="4"> 0.86170389671994765 -0.5074114645705767 -5.2785759882759053E-017 0   0.5074114645705767 0.86170389671994765 -3.1082718591078106E-017 0   6.1257422745431002E-017 3.0814879110195776E-033 1 0   0 0 0 1   </matrix>
					</cop>
					<file>110428_124237_Image001.jpg</file><mountcalib_ref noderef="/courtyard/CALIBRATIONS/MOUNTING/Mounting_VZ400_D700_14mm_release"/>
					<name>110428_124237_Image001</name><phi>30.491562</phi>
					<raw_lambda>0</raw_lambda><raw_phi>0</raw_phi>
					<text></text>
					<theta>90</theta>
					<tpl_image name="TPL (IMAGE)" kind="TPL_IMAGE"><active>1</active>
					</tpl_image>
				</scanposimage>
				<scanposimage name="110428_124237_Image002" kind="ScanPosImageX"><camcalib_ref noderef="/courtyard/CALIBRATIONS/CAMERA/Calibration_VZ400_D700_14mm_release"/><cop name="COP" kind="COP"><freeze>0</freeze>
						<matrix rows="4" cols="4"> -0.0085792701296132122 -0.99996319738480538 5.2554397717696518E-019 0   0.99996319738480538 -0.0085792701296132122 -6.1255168312073882E-017 0   6.1257422745431002E-017 9.6296497219361792E-035 1 0   0 0 0 1   </matrix>
					</cop>
					<file>110428_124237_Image002.jpg</file><mountcalib_ref noderef="/courtyard/CALIBRATIONS/MOUNTING/Mounting_VZ400_D700_14mm_release"/>
					<name>110428_124237_Image002</name><phi>90.491562</phi>
					<raw_lambda>0</raw_lambda><raw_phi>0</raw_phi>
					<text></text>
					<theta>90</theta>
					<tpl_image name="TPL (IMAGE)" kind="TPL_IMAGE"><active>1</active>
					</tpl_image>
				</scanposimage>
				<scanposimage name="110428_124237_Image003" kind="ScanPosImageX"><camcalib_ref noderef="/courtyard/CALIBRATIONS/CAMERA/Calibration_VZ400_D700_14mm_release"/><cop name="COP" kind="COP"><freeze>0</freeze>
						<matrix rows="4" cols="4"> -0.8702831668495607 -0.4925517328142288 5.3311303859936019E-017 0   0.4925517328142288 -0.8702831668495607 -3.0172449720995789E-017 0   6.1257422745431002E-017 -3.0814879110195776E-033 1 0   0 0 0 1   </matrix>
					</cop>
					<file>110428_124237_Image003.jpg</file><mountcalib_ref noderef="/courtyard/CALIBRATIONS/MOUNTING/Mounting_VZ400_D700_14mm_release"/>
					<name>110428_124237_Image003</name><phi>150.491562</phi>
					<raw_lambda>0</raw_lambda><raw_phi>0</raw_phi>
					<text></text>
					<theta>90</theta>
					<tpl_image name="TPL (IMAGE)" kind="TPL_IMAGE"><active>1</active>
					</tpl_image>
				</scanposimage>
				<scanposimage name="110428_124237_Image004" kind="ScanPosImageX"><camcalib_ref noderef="/courtyard/CALIBRATIONS/CAMERA/Calibration_VZ400_D700_14mm_release"/><cop name="COP" kind="COP"><freeze>0</freeze>
						<matrix rows="4" cols="4"> -0.8617038967199479 0.50741146457057626 5.2785759882759072E-017 0   -0.50741146457057626 -0.8617038967199479 3.1082718591078086E-017 0   6.1257422745431002E-017 -3.0814879110195776E-033 1 0   0 0 0 1   </matrix>
					</cop>
					<file>110428_124237_Image004.jpg</file><mountcalib_ref noderef="/courtyard/CALIBRATIONS/MOUNTING/Mounting_VZ400_D700_14mm_release"/>
					<name>110428_124237_Image004</name><phi>210.491562</phi>
					<raw_lambda>0</raw_lambda><raw_phi>0</raw_phi>
					<text></text>
					<theta>90</theta>
					<tpl_image name="TPL (IMAGE)" kind="TPL_IMAGE"><active>1</active>
					</tpl_image>
				</scanposimage>
				<scanposimage name="110428_124237_Image005" kind="ScanPosImageX"><camcalib_ref noderef="/courtyard/CALIBRATIONS/CAMERA/Calibration_VZ400_D700_14mm_release"/><cop name="COP" kind="COP"><freeze>0</freeze>
						<matrix rows="4" cols="4"> 0.0085795319193660621 0.9999631951387232 -5.2556001374252602E-019 0   -0.9999631951387232 0.0085795319193660621 6.1255168174484698E-017 0   6.1257422745431002E-017 0 1 0   0 0 0 1   </matrix>
					</cop>
					<file>110428_124237_Image005.jpg</file><mountcalib_ref noderef="/courtyard/CALIBRATIONS/MOUNTING/Mounting_VZ400_D700_14mm_release"/>
					<name>110428_124237_Image005</name><phi>270.491577</phi>
					<raw_lambda>0</raw_lambda><raw_phi>0</raw_phi>
					<text></text>
					<theta>90</theta>
					<tpl_image name="TPL (IMAGE)" kind="TPL_IMAGE"><active>1</active>
					</tpl_image>
				</scanposimage>
				<scanposimage name="110428_124237_Image006" kind="ScanPosImageX"><camcalib_ref noderef="/courtyard/CALIBRATIONS/CAMERA/Calibration_VZ400_D700_14mm_release"/><cop name="COP" kind="COP"><freeze>0</freeze>
						<matrix rows="4" cols="4"> 0.8702832957992736 0.49255150497461082 -5.3311311759063091E-017 0   -0.49255150497461082 0.8702832957992736 3.0172435764127994E-017 0   6.1257422745431002E-017 -3.0814879110195776E-033 1 0   0 0 0 1   </matrix>
					</cop>
					<file>110428_124237_Image006.jpg</file><mountcalib_ref noderef="/courtyard/CALIBRATIONS/MOUNTING/Mounting_VZ400_D700_14mm_release"/>
					<name>110428_124237_Image006</name><phi>330.491577</phi>
					<raw_lambda>0</raw_lambda><raw_phi>0</raw_phi>
					<text></text>
					<theta>90</theta>
					<tpl_image name="TPL (IMAGE)" kind="TPL_IMAGE"><active>1</active>
					</tpl_image>
				</scanposimage>
			</scanposimages><scanposundistimages name="UNDISTORTED IMAGES" kind="SCANPOSUNDISTIMAGES" fold="SCANPOSUNDISTIMAGES"><scanposundistimage name="110428_124237_Image001" kind="ScanPosUndistImageX"><camcalib_ref noderef="/courtyard/CALIBRATIONS/CAMERA/Calibration_VZ400_D700_14mm_release_undistorted"/><cop name="COP" kind="COP"><freeze>0</freeze>
						<matrix rows="4" cols="4"> 0.86170389671994765 -0.5074114645705767 -5.2785759882759053E-017 0   0.5074114645705767 0.86170389671994765 -3.1082718591078106E-017 0   6.1257422745431002E-017 3.0814879110195776E-033 1 0   0 0 0 1   </matrix>
					</cop>
					<file>110428_124237_Image001.jpg</file><mountcalib_ref noderef="/courtyard/CALIBRATIONS/MOUNTING/Mounting_VZ400_D700_14mm_release"/>
					<name>110428_124237_Image001</name><phi>30.491562</phi><raw_lambda>NAN</raw_lambda>
					<raw_phi>NAN</raw_phi>
					<source_image_ref noderef="/courtyard/SCANS/ScanPos007_courtyard/SCANPOSIMAGES/110428_124237_Image001"/>
					<text></text>
					<theta>90</theta>
					<tpl_image name="TPL (IMAGE)" kind="TPL_IMAGE"><active>1</active>
					</tpl_image>
				</scanposundistimage>
				<scanposundistimage name="110428_124237_Image002" kind="ScanPosUndistImageX"><camcalib_ref noderef="/courtyard/CALIBRATIONS/CAMERA/Calibration_VZ400_D700_14mm_release_undistorted"/><cop name="COP" kind="COP"><freeze>0</freeze>
						<matrix rows="4" cols="4"> -0.0085792701296132122 -0.99996319738480538 5.2554397717696518E-019 0   0.99996319738480538 -0.0085792701296132122 -6.1255168312073882E-017 0   6.1257422745431002E-017 9.6296497219361792E-035 1 0   0 0 0 1   </matrix>
					</cop>
					<file>110428_124237_Image002.jpg</file><mountcalib_ref noderef="/courtyard/CALIBRATIONS/MOUNTING/Mounting_VZ400_D700_14mm_release"/>
					<name>110428_124237_Image002</name><phi>90.491562</phi><raw_lambda>NAN</raw_lambda>
					<raw_phi>NAN</raw_phi>
					<source_image_ref noderef="/courtyard/SCANS/ScanPos007_courtyard/SCANPOSIMAGES/110428_124237_Image002"/>
					<text></text>
					<theta>90</theta>
					<tpl_image name="TPL (IMAGE)" kind="TPL_IMAGE"><active>1</active>
					</tpl_image>
				</scanposundistimage>
				<scanposundistimage name="110428_124237_Image003" kind="ScanPosUndistImageX"><camcalib_ref noderef="/courtyard/CALIBRATIONS/CAMERA/Calibration_VZ400_D700_14mm_release_undistorted"/><cop name="COP" kind="COP"><freeze>0</freeze>
						<matrix rows="4" cols="4"> -0.8702831668495607 -0.4925517328142288 5.3311303859936019E-017 0   0.4925517328142288 -0.8702831668495607 -3.0172449720995789E-017 0   6.1257422745431002E-017 -3.0814879110195776E-033 1 0   0 0 0 1   </matrix>
					</cop>
					<file>110428_124237_Image003.jpg</file><mountcalib_ref noderef="/courtyard/CALIBRATIONS/MOUNTING/Mounting_VZ400_D700_14mm_release"/>
					<name>110428_124237_Image003</name><phi>150.491562</phi><raw_lambda>NAN</raw_lambda>
					<raw_phi>NAN</raw_phi>
